RESULT ALG RULESETSIZE SEED SMOOTH ADDRESS_SCOPE APP_SCOPE PA PB SCALE AVG MIN_AVG32 MAX_AVG32 MEM_AVG MINMEM_AVG32 MAXMEM_AVG32
RESULT follow 256 acl1_seed 2 0.5 -0.1 10 1 1000 140.53678125 131.151 149.874 1003.625 968 1024
RESULT follow 256 acl1_seed 2 0.5 -0.1 10 10 1000 33.17024375 27.7439 46.1313 1005.25 968 1024
RESULT follow 256 acl1_seed 2 0.5 -0.1 10 100 1000 9.45386625 4.5056199999999995 16.4163 1007.625 964 1024
RESULT follow 256 acl1_seed 2 0.5 -0.1 10 1000 1000 5.236335 1.29154 16.4809 1005.125 960 1020
RESULT follow 256 acl1_seed 2 0.5 -0.1 10 10000 1000 6.990777187499999 1.02573 39.7439 1002.875 928 1020
RESULT follow 256 acl2_seed 2 0.5 -0.1 10 1 1000 172.21040624999998 164.203 182.459 1002.75 976 1020
RESULT follow 256 acl2_seed 2 0.5 -0.1 10 10 1000 90.353009375 74.5614 105.963 1001.125 968 1020
RESULT follow 256 acl2_seed 2 0.5 -0.1 10 100 1000 59.068359375 48.4953 73.1888 1001.625 980 1020
RESULT follow 256 acl2_seed 2 0.5 -0.1 10 1000 1000 56.543721875 35.6533 76.3376 1002.125 980 1020
RESULT follow 256 acl2_seed 2 0.5 -0.1 10 10000 1000 64.4537 13.0949 110.984 998.625 972 1020
RESULT follow 256 acl3_seed 2 0.5 -0.1 10 1 1000 143.42431249999998 139.42 149.519 1022.75 1012 1024
RESULT follow 256 acl3_seed 2 0.5 -0.1 10 10 1000 35.248884375 29.8357 40.3889 1023.25 1020 1024
RESULT follow 256 acl3_seed 2 0.5 -0.1 10 100 1000 9.628239687499999 5.2401599999999995 16.9193 1023.125 1020 1024
RESULT follow 256 acl3_seed 2 0.5 -0.1 10 1000 1000 7.2135528125 2.1425400000000003 12.7482 1022.375 1016 1024
RESULT follow 256 acl3_seed 2 0.5 -0.1 10 10000 1000 18.096473125000003 1.02546 41.5765 1022.5 1008 1024
RESULT follow 256 acl4_seed 2 0.5 -0.1 10 1 1000 143.32709375 137.863 149.14700000000002 1021.75 1012 1024
RESULT follow 256 acl4_seed 2 0.5 -0.1 10 10 1000 33.568749999999994 27.1324 37.718 1021.5 1016 1024
RESULT follow 256 acl4_seed 2 0.5 -0.1 10 100 1000 9.3609728125 5.9513 16.8509 1021.5 1008 1024
RESULT follow 256 acl4_seed 2 0.5 -0.1 10 1000 1000 6.704226562500001 2.70059 14.3065 1021.875 1016 1024
RESULT follow 256 acl4_seed 2 0.5 -0.1 10 10000 1000 15.9212503125 1.02546 40.914 1022.75 1016 1024
RESULT follow 256 acl5_seed 2 0.5 -0.1 10 1 1000 127.42390624999999 120.68700000000001 132.201 1006.5 956 1024
RESULT follow 256 acl5_seed 2 0.5 -0.1 10 10 1000 22.536465625 20.9541 23.1635 999.125 924 1024
RESULT follow 256 acl5_seed 2 0.5 -0.1 10 100 1000 3.293084375 3.18514 3.42538 998.875 956 1024
RESULT follow 256 acl5_seed 2 0.5 -0.1 10 1000 1000 1.2731078125000002 1.22691 1.36496 993.375 920 1024
RESULT follow 256 acl5_seed 2 0.5 -0.1 10 10000 1000 1.0721459374999998 1.01788 1.27757 1002.875 944 1024
RESULT follow 256 fw1_seed 2 0.5 -0.1 10 1 1000 165.52540625 149.563 179.122 899.375 828 956
RESULT follow 256 fw1_seed 2 0.5 -0.1 10 10 1000 95.69941874999999 68.4305 126.286 894.0 812 980
RESULT follow 256 fw1_seed 2 0.5 -0.1 10 100 1000 63.03471875 49.5564 82.1083 910.125 816 984
RESULT follow 256 fw1_seed 2 0.5 -0.1 10 1000 1000 51.396871875 22.7979 73.5296 899.375 764 960
RESULT follow 256 fw1_seed 2 0.5 -0.1 10 10000 1000 48.48329687499999 11.0679 90.2347 913.5 836 964
RESULT follow 256 fw2_seed 2 0.5 -0.1 10 1 1000 165.72025000000002 155.665 177.609 936.0 864 984
RESULT follow 256 fw2_seed 2 0.5 -0.1 10 10 1000 92.32375 77.6967 113.18700000000001 929.0 864 968
RESULT follow 256 fw2_seed 2 0.5 -0.1 10 100 1000 68.665678125 39.1278 85.3367 925.875 864 972
RESULT follow 256 fw2_seed 2 0.5 -0.1 10 1000 1000 66.015740625 41.6914 83.0062 937.5 884 988
RESULT follow 256 fw2_seed 2 0.5 -0.1 10 10000 1000 52.6749496875 2.9944900000000003 107.4 937.75 876 988
RESULT follow 256 fw3_seed 2 0.5 -0.1 10 1 1000 168.89465625 151.812 184.21900000000002 903.5 828 956
RESULT follow 256 fw3_seed 2 0.5 -0.1 10 10 1000 106.4114375 89.5966 126.564 898.75 844 948
RESULT follow 256 fw3_seed 2 0.5 -0.1 10 100 1000 72.94457812499999 53.9205 91.5089 911.5 808 956
RESULT follow 256 fw3_seed 2 0.5 -0.1 10 1000 1000 62.774587499999996 40.8278 85.4121 894.375 844 940
RESULT follow 256 fw3_seed 2 0.5 -0.1 10 10000 1000 55.084868750000005 14.0934 91.8943 901.75 852 940
RESULT follow 256 fw4_seed 2 0.5 -0.1 10 1 1000 173.8075 161.944 187.00400000000002 963.125 924 988
RESULT follow 256 fw4_seed 2 0.5 -0.1 10 10 1000 93.33112812499999 77.0356 110.23700000000001 962.25 932 1000
RESULT follow 256 fw4_seed 2 0.5 -0.1 10 100 1000 65.81689375 47.0397 89.5133 964.5 932 996
RESULT follow 256 fw4_seed 2 0.5 -0.1 10 1000 1000 54.099562500000005 29.9883 84.8609 965.375 928 1008
RESULT follow 256 fw4_seed 2 0.5 -0.1 10 10000 1000 52.997516250000004 6.8120199999999995 133.925 954.5 912 992
RESULT follow 256 fw5_seed 2 0.5 -0.1 10 1 1000 185.81518749999998 171.06799999999998 200.715 928.5 884 980
RESULT follow 256 fw5_seed 2 0.5 -0.1 10 10 1000 135.066375 112.93 149.724 929.375 884 976
RESULT follow 256 fw5_seed 2 0.5 -0.1 10 100 1000 97.038053125 75.1244 116.868 924.625 864 964
RESULT follow 256 fw5_seed 2 0.5 -0.1 10 1000 1000 86.467425 44.985 108.834 931.625 884 960
RESULT follow 256 fw5_seed 2 0.5 -0.1 10 10000 1000 76.07853125 16.5261 116.682 926.75 888 968
RESULT follow 256 ipc1_seed 2 0.5 -0.1 10 1 1000 155.332375 145.32299999999998 162.813 1017.5 984 1024
RESULT follow 256 ipc1_seed 2 0.5 -0.1 10 10 1000 47.4784625 35.5359 59.0106 1018.375 996 1024
RESULT follow 256 ipc1_seed 2 0.5 -0.1 10 100 1000 19.3074625 11.2634 32.6555 1016.75 1004 1024
RESULT follow 256 ipc1_seed 2 0.5 -0.1 10 1000 1000 16.0803628125 5.17909 36.4229 1019.0 1008 1024
RESULT follow 256 ipc1_seed 2 0.5 -0.1 10 10000 1000 20.33207375 1.77857 63.3068 1017.75 1008 1024
RESULT follow 256 ipc2_seed 2 0.5 -0.1 10 1 1000 132.59034375 102.73100000000001 160.543 777.25 636 892
RESULT follow 256 ipc2_seed 2 0.5 -0.1 10 10 1000 72.26905937499998 37.7908 104.074 737.75 548 872
RESULT follow 256 ipc2_seed 2 0.5 -0.1 10 100 1000 52.6797625 31.6933 76.4883 769.625 632 860
RESULT follow 256 ipc2_seed 2 0.5 -0.1 10 1000 1000 46.5876875 21.2909 70.8776 747.0 572 888
RESULT follow 256 ipc2_seed 2 0.5 -0.1 10 10000 1000 46.35813625 8.192860000000001 100.787 760.125 620 912
RESULT followfast 256 acl1_seed 2 0.5 -0.1 10 1 1000 69.978046875 66.7628 74.527 4208.0 2356 6168
RESULT followfast 256 acl1_seed 2 0.5 -0.1 10 10 1000 17.158315625 13.6137 20.5978 3951.875 2524 5884
RESULT followfast 256 acl1_seed 2 0.5 -0.1 10 100 1000 5.1174634375 2.90361 7.60958 3884.125 2384 6004
RESULT followfast 256 acl1_seed 2 0.5 -0.1 10 1000 1000 3.8283471875 1.3399 8.755239999999999 4056.875 2484 6744
RESULT followfast 256 acl1_seed 2 0.5 -0.1 10 10000 1000 6.046690625 1.00823 21.6084 3754.375 2484 5368
RESULT followfast 256 acl2_seed 2 0.5 -0.1 10 1 1000 86.44545000000001 82.3056 91.6215 11154.625 7236 16848
RESULT followfast 256 acl2_seed 2 0.5 -0.1 10 10 1000 44.78573125 32.6777 54.17100000000001 10775.75 5580 13500
RESULT followfast 256 acl2_seed 2 0.5 -0.1 10 100 1000 29.605971875 17.0152 39.3344 10621.125 7192 13792
RESULT followfast 256 acl2_seed 2 0.5 -0.1 10 1000 1000 27.479171875 16.5163 41.1505 10641.25 7516 14000
RESULT followfast 256 acl2_seed 2 0.5 -0.1 10 10000 1000 26.534907500000003 1.71984 52.7032 10878.5 6456 13508
RESULT followfast 256 acl3_seed 2 0.5 -0.1 10 1 1000 72.147790625 69.273 75.2086 3366.75 2388 5032
RESULT followfast 256 acl3_seed 2 0.5 -0.1 10 10 1000 18.112203125 15.1223 22.0038 3475.375 2648 4792
RESULT followfast 256 acl3_seed 2 0.5 -0.1 10 100 1000 5.5268159375 3.67153 10.0551 3247.375 2560 4640
RESULT followfast 256 acl3_seed 2 0.5 -0.1 10 1000 1000 4.2790428125 2.06662 7.25661 3509.5 2548 4788
RESULT followfast 256 acl3_seed 2 0.5 -0.1 10 10000 1000 10.565582500000001 1.01219 20.9179 3553.5 2544 5044
RESULT followfast 256 acl4_seed 2 0.5 -0.1 10 1 1000 71.914525 68.8992 74.2366 3127.375 2400 4696
RESULT followfast 256 acl4_seed 2 0.5 -0.1 10 10 1000 17.392953125000002 14.7468 20.8819 3037.125 2444 4748
RESULT followfast 256 acl4_seed 2 0.5 -0.1 10 100 1000 4.826683125000001 2.9773 6.31602 3034.125 2424 4064
RESULT followfast 256 acl4_seed 2 0.5 -0.1 10 1000 1000 3.6089903125 1.5871 5.69151 3161.5 2340 4364
RESULT followfast 256 acl4_seed 2 0.5 -0.1 10 10000 1000 7.024301250000001 1.01273 16.6912 2993.625 2308 4280
RESULT followfast 256 acl5_seed 2 0.5 -0.1 10 1 1000 63.637609375 60.2233 65.9557 2015.875 1912 2084
RESULT followfast 256 acl5_seed 2 0.5 -0.1 10 10 1000 11.7052625 10.6496 12.0758 2004.875 1808 2068
RESULT followfast 256 acl5_seed 2 0.5 -0.1 10 100 1000 2.142873125 2.06166 2.1938 2019.5 1876 2068
RESULT followfast 256 acl5_seed 2 0.5 -0.1 10 1000 1000 1.1280096875 1.1078299999999999 1.17337 2012.875 1864 2068
RESULT followfast 256 acl5_seed 2 0.5 -0.1 10 10000 1000 1.026019375 1.00813 1.18359 2029.125 1936 2080
RESULT followfast 256 fw1_seed 2 0.5 -0.1 10 1 1000 82.83673125 70.5416 90.1299 11420.0 8632 14516
RESULT followfast 256 fw1_seed 2 0.5 -0.1 10 10 1000 47.426034375 35.7473 59.6385 11169.625 8052 13440
RESULT followfast 256 fw1_seed 2 0.5 -0.1 10 100 1000 30.9057875 20.2846 40.7825 11459.375 8108 15632
RESULT followfast 256 fw1_seed 2 0.5 -0.1 10 1000 1000 25.46620625 13.4128 39.3692 11009.5 7772 13744
RESULT followfast 256 fw1_seed 2 0.5 -0.1 10 10000 1000 24.743938437500002 8.80002 54.3523 11731.375 8080 14276
RESULT followfast 256 fw2_seed 2 0.5 -0.1 10 1 1000 82.39700625 76.8184 87.5625 12842.5 8776 16924
RESULT followfast 256 fw2_seed 2 0.5 -0.1 10 10 1000 47.15688125 38.2699 59.1668 12358.125 8488 19056
RESULT followfast 256 fw2_seed 2 0.5 -0.1 10 100 1000 34.810290625 23.2639 45.1906 12797.75 8488 17488
RESULT followfast 256 fw2_seed 2 0.5 -0.1 10 1000 1000 32.851509375 18.1683 46.0631 12655.375 9808 15644
RESULT followfast 256 fw2_seed 2 0.5 -0.1 10 10000 1000 27.892545312499998 7.28895 54.3841 12527.0 8848 17532
RESULT followfast 256 fw3_seed 2 0.5 -0.1 10 1 1000 84.35649687499999 78.1631 88.1531 11439.875 8612 13420
RESULT followfast 256 fw3_seed 2 0.5 -0.1 10 10 1000 53.184559375 45.438 59.9876 11502.0 9156 14456
RESULT followfast 256 fw3_seed 2 0.5 -0.1 10 100 1000 37.107584375 29.9584 46.8942 11547.125 9456 13668
RESULT followfast 256 fw3_seed 2 0.5 -0.1 10 1000 1000 32.300743749999995 18.0155 44.8738 11910.5 8484 15080
RESULT followfast 256 fw3_seed 2 0.5 -0.1 10 10000 1000 28.15106875 11.5062 43.745 11672.5 9408 14032
RESULT followfast 256 fw4_seed 2 0.5 -0.1 10 1 1000 86.54083749999998 81.0907 90.3527 10918.75 8452 12852
RESULT followfast 256 fw4_seed 2 0.5 -0.1 10 10 1000 49.31719687499999 40.5811 57.9765 11172.625 7240 13968
RESULT followfast 256 fw4_seed 2 0.5 -0.1 10 100 1000 35.057868750000004 21.3738 45.7946 11220.75 8332 14748
RESULT followfast 256 fw4_seed 2 0.5 -0.1 10 1000 1000 33.355478125 15.6758 47.7188 11342.375 7512 15172
RESULT followfast 256 fw4_seed 2 0.5 -0.1 10 10000 1000 22.6067140625 3.1957400000000002 52.1936 11141.625 8864 16332
RESULT followfast 256 fw5_seed 2 0.5 -0.1 10 1 1000 92.999065625 87.0921 102.0 14975.25 11500 18424
RESULT followfast 256 fw5_seed 2 0.5 -0.1 10 10 1000 66.845503125 60.2724 74.4303 15188.0 12360 18744
RESULT followfast 256 fw5_seed 2 0.5 -0.1 10 100 1000 48.744803125000004 39.7294 57.1283 14771.75 11784 17112
RESULT followfast 256 fw5_seed 2 0.5 -0.1 10 1000 1000 44.912178125 28.615 59.4425 15382.125 13268 20104
RESULT followfast 256 fw5_seed 2 0.5 -0.1 10 10000 1000 34.239103125 17.4448 66.6549 15172.25 11920 18880
RESULT followfast 256 ipc1_seed 2 0.5 -0.1 10 1 1000 78.617059375 74.6409 84.9231 4956.625 3304 6240
RESULT followfast 256 ipc1_seed 2 0.5 -0.1 10 10 1000 24.488765625 18.7323 30.7848 4939.375 3388 6404
RESULT followfast 256 ipc1_seed 2 0.5 -0.1 10 100 1000 11.136908125000001 5.93325 19.9222 4680.625 3224 6420
RESULT followfast 256 ipc1_seed 2 0.5 -0.1 10 1000 1000 8.056109375 3.79397 13.4671 4872.125 3492 6024
RESULT followfast 256 ipc1_seed 2 0.5 -0.1 10 10000 1000 11.556810625 1.11881 29.4846 4872.5 3412 6100
RESULT followfast 256 ipc2_seed 2 0.5 -0.1 10 1 1000 62.63529375 42.3508 75.5051 7035.5 3856 9984
RESULT followfast 256 ipc2_seed 2 0.5 -0.1 10 10 1000 35.140503124999995 22.9216 48.2057 7030.0 4720 9944
RESULT followfast 256 ipc2_seed 2 0.5 -0.1 10 100 1000 25.69998125 13.1367 36.6183 7327.75 4616 10400
RESULT followfast 256 ipc2_seed 2 0.5 -0.1 10 1000 1000 23.1047875 13.2672 34.4548 7072.0 5240 10496
RESULT followfast 256 ipc2_seed 2 0.5 -0.1 10 10000 1000 24.998803125000002 11.8972 46.1337 7232.375 4328 9928
RESULT efficuts 256 acl1_seed 2 0.5 -0.1 10 1 1000 10.21648875 3.96538 28.4225 9796.875 9642 9962
RESULT efficuts 256 acl1_seed 2 0.5 -0.1 10 10 1000 8.620478125 3.7424699999999995 16.8752 9636.5 1568 13972
RESULT efficuts 256 acl1_seed 2 0.5 -0.1 10 100 1000 9.8411446875 3.20783 19.6977 9755.125 9630 9894
RESULT efficuts 256 acl1_seed 2 0.5 -0.1 10 1000 1000 10.1100215625 3.75335 22.4439 9163.375 1544 10126
RESULT efficuts 256 acl1_seed 2 0.5 -0.1 10 10000 1000 9.379309687500001 2.95427 24.0581 9756.125 9582 9958
RESULT efficuts 256 acl2_seed 2 0.5 -0.1 10 1 1000 13.286352812499999 6.87777 19.5152 6978.875 4162 9822
RESULT efficuts 256 acl2_seed 2 0.5 -0.1 10 10 1000 13.56181 7.80319 24.7985 6637.0 5518 9830
RESULT efficuts 256 acl2_seed 2 0.5 -0.1 10 100 1000 13.7706684375 8.915569999999999 28.1313 6600.875 5426 9758
RESULT efficuts 256 acl2_seed 2 0.5 -0.1 10 1000 1000 13.5758484375 9.18925 26.3511 6634.0 5478 10010
RESULT efficuts 256 acl2_seed 2 0.5 -0.1 10 10000 1000 14.51365 8.73753 29.644000000000002 7277.5 5526 9902
RESULT efficuts 256 acl3_seed 2 0.5 -0.1 10 1 1000 20.876524375 3.98792 48.3096 9331.0 5662 9902
RESULT efficuts 256 acl3_seed 2 0.5 -0.1 10 10 1000 20.790615 2.99613 40.8571 8828.5 5582 9846
RESULT efficuts 256 acl3_seed 2 0.5 -0.1 10 100 1000 23.9586046875 4.65961 41.1721 8681.875 5534 9794
RESULT efficuts 256 acl3_seed 2 0.5 -0.1 10 1000 1000 20.079657187499997 2.99096 44.1853 8946.375 5542 9866
RESULT efficuts 256 acl3_seed 2 0.5 -0.1 10 10000 1000 21.825009375 3.91327 37.99 8683.5 5570 9782
RESULT efficuts 256 acl4_seed 2 0.5 -0.1 10 1 1000 24.122365000000002 2.97702 40.4837 9936.25 9694 10274
RESULT efficuts 256 acl4_seed 2 0.5 -0.1 10 10 1000 23.144513749999998 3.7216699999999996 42.9939 9943.875 9690 10206
RESULT efficuts 256 acl4_seed 2 0.5 -0.1 10 100 1000 25.059168125 2.98855 44.2725 9985.125 9702 10362
RESULT efficuts 256 acl4_seed 2 0.5 -0.1 10 1000 1000 29.930747500000003 5.15144 44.2788 9796.25 5770 10378
RESULT efficuts 256 acl4_seed 2 0.5 -0.1 10 10000 1000 24.247228749999998 2.95895 44.56100000000001 9951.5 9598 10514
RESULT efficuts 256 acl5_seed 2 0.5 -0.1 10 1 1000 13.147515625 10.7044 15.7708 8010.25 1580 13776
RESULT efficuts 256 acl5_seed 2 0.5 -0.1 10 10 1000 12.6048103125 8.71049 16.2048 8110.9375 1572 13776
RESULT efficuts 256 acl5_seed 2 0.5 -0.1 10 100 1000 12.844351249999999 9.25869 16.8188 7869.1875 1532 13920
RESULT efficuts 256 acl5_seed 2 0.5 -0.1 10 1000 1000 12.7156371875 8.212589999999999 15.1643 8649.375 1616 13816
RESULT efficuts 256 acl5_seed 2 0.5 -0.1 10 10000 1000 13.03429375 10.0205 18.910999999999998 7481.25 1536 13768
RESULT efficuts 256 fw1_seed 2 0.5 -0.1 10 1 1000 15.115384375 8.07133 23.2948 1831.1875 1232 5830
RESULT efficuts 256 fw1_seed 2 0.5 -0.1 10 10 1000 15.602599375 9.96978 24.8137 1894.875 1336 5930
RESULT efficuts 256 fw1_seed 2 0.5 -0.1 10 100 1000 17.13683125 8.1879 27.8071 1852.625 1376 5818
RESULT efficuts 256 fw1_seed 2 0.5 -0.1 10 1000 1000 14.913068124999999 8.66394 23.0593 1888.25 1200 8534
RESULT efficuts 256 fw1_seed 2 0.5 -0.1 10 10000 1000 15.2996290625 7.93443 24.1515 1752.0 1336 3874
RESULT efficuts 256 fw2_seed 2 0.5 -0.1 10 1 1000 12.6990484375 7.46645 15.4056 2900.75 1296 6920
RESULT efficuts 256 fw2_seed 2 0.5 -0.1 10 10 1000 12.624316875 7.93458 14.9229 2923.8125 1280 7648
RESULT efficuts 256 fw2_seed 2 0.5 -0.1 10 100 1000 12.823663125 7.87487 15.7615 2447.625 1308 6988
RESULT efficuts 256 fw2_seed 2 0.5 -0.1 10 1000 1000 12.685366875 8.01728 15.3472 2364.4375 1304 6600
RESULT efficuts 256 fw2_seed 2 0.5 -0.1 10 10000 1000 13.0266340625 8.99823 15.8235 2607.4375 1324 6536
RESULT efficuts 256 fw3_seed 2 0.5 -0.1 10 1 1000 14.3487125 11.6868 29.31 2029.1875 1384 5706
RESULT efficuts 256 fw3_seed 2 0.5 -0.1 10 10 1000 13.845287500000001 11.2206 26.2204 1898.25 1440 5626
RESULT efficuts 256 fw3_seed 2 0.5 -0.1 10 100 1000 13.4615878125 9.07702 15.7682 2790.5625 1332 5938
RESULT efficuts 256 fw3_seed 2 0.5 -0.1 10 1000 1000 14.616493750000002 10.5375 29.9755 2271.1875 1348 5870
RESULT efficuts 256 fw3_seed 2 0.5 -0.1 10 10000 1000 14.5050875 11.4535 25.8945 2285.9375 1292 5826
RESULT efficuts 256 fw4_seed 2 0.5 -0.1 10 1 1000 12.996659687500001 7.6184899999999995 28.8415 1813.0625 1376 2894
RESULT efficuts 256 fw4_seed 2 0.5 -0.1 10 10 1000 13.57081875 7.69448 26.8839 2172.4375 1404 5982
RESULT efficuts 256 fw4_seed 2 0.5 -0.1 10 100 1000 12.541348125 7.051660000000001 23.7426 2142.625 1412 5878
RESULT efficuts 256 fw4_seed 2 0.5 -0.1 10 1000 1000 12.751674999999999 7.1985600000000005 27.9085 1915.75 1492 3078
RESULT efficuts 256 fw4_seed 2 0.5 -0.1 10 10000 1000 14.011334375 6.2523 26.4696 2077.5 1428 3774
RESULT efficuts 256 fw5_seed 2 0.5 -0.1 10 1 1000 13.193046562500001 8.51475 16.1397 1874.9375 1572 2396
RESULT efficuts 256 fw5_seed 2 0.5 -0.1 10 10 1000 12.468515625 7.389410000000001 17.5049 1841.25 1564 2512
RESULT efficuts 256 fw5_seed 2 0.5 -0.1 10 100 1000 12.663303124999999 6.33561 17.8746 1883.125 1492 2564
RESULT efficuts 256 fw5_seed 2 0.5 -0.1 10 1000 1000 13.313113125000001 9.86572 17.1257 1802.375 1380 2356
RESULT efficuts 256 fw5_seed 2 0.5 -0.1 10 10000 1000 13.4736034375 8.86551 19.3403 1808.75 1576 2168
RESULT efficuts 256 ipc1_seed 2 0.5 -0.1 10 1 1000 16.501856562500002 5.98573 48.6288 7376.3125 1316 9820
RESULT efficuts 256 ipc1_seed 2 0.5 -0.1 10 10 1000 19.463809375 6.11941 42.1867 7011.625 3850 9680
RESULT efficuts 256 ipc1_seed 2 0.5 -0.1 10 100 1000 21.418412500000002 8.76443 46.1714 7604.5625 5442 9724
RESULT efficuts 256 ipc1_seed 2 0.5 -0.1 10 1000 1000 16.2371525 5.4400900000000005 42.806000000000004 6455.5 1316 9644
RESULT efficuts 256 ipc1_seed 2 0.5 -0.1 10 10000 1000 18.1860309375 5.63624 37.7121 7700.0 1368 9764
RESULT efficuts 256 ipc2_seed 2 0.5 -0.1 10 1 1000 12.4538259375 6.586530000000001 25.1853 1089.75 712 1702
RESULT efficuts 256 ipc2_seed 2 0.5 -0.1 10 10 1000 12.206363125 5.65677 21.8631 1191.4375 632 5166
RESULT efficuts 256 ipc2_seed 2 0.5 -0.1 10 100 1000 11.8930490625 9.680069999999999 13.583 1343.1875 748 5146
RESULT efficuts 256 ipc2_seed 2 0.5 -0.1 10 1000 1000 12.172657812499999 7.483230000000001 24.3049 1113.125 764 1666
RESULT efficuts 256 ipc2_seed 2 0.5 -0.1 10 10000 1000 13.214040625 10.0473 25.0768 1183.1875 704 5334
RESULT cutsplit 256 acl1_seed 2 0.5 -0.1 10 1 1000 18.748552173913044 14.2783 23.0454 9951.724137931034 7412 12164
RESULT cutsplit 256 acl1_seed 2 0.5 -0.1 10 10 1000 18.67578095238095 12.4369 23.605 9980.857142857143 7208 12132
RESULT cutsplit 256 acl1_seed 2 0.5 -0.1 10 100 1000 18.315733333333334 13.21 22.5146 10290.57142857143 7804 13980
RESULT cutsplit 256 acl1_seed 2 0.5 -0.1 10 1000 1000 18.502523809523808 13.8369 24.4532 10215.57142857143 7324 12160
RESULT cutsplit 256 acl1_seed 2 0.5 -0.1 10 10000 1000 18.428742857142858 14.6817 22.8253 10198.518518518518 8256 13196
RESULT cutsplit 256 acl2_seed 2 0.5 -0.1 10 1 1000 22.844213043478263 20.493000000000002 24.651 7680.275862068966 5556 10960
RESULT cutsplit 256 acl2_seed 2 0.5 -0.1 10 10 1000 22.893185714285714 20.8791 25.0393 8046.0 6620 10508
RESULT cutsplit 256 acl2_seed 2 0.5 -0.1 10 100 1000 22.993954545454546 19.8887 25.6518 7654.285714285715 5820 9464
RESULT cutsplit 256 acl2_seed 2 0.5 -0.1 10 1000 1000 23.45738636363637 21.1082 26.2725 7717.142857142857 5104 12648
RESULT cutsplit 256 acl2_seed 2 0.5 -0.1 10 10000 1000 22.094722727272725 19.0349 25.9899 7531.448275862069 5372 9984
RESULT cutsplit 256 acl3_seed 2 0.5 -0.1 10 1 1000 18.090104166666666 13.925999999999998 23.6426 8643.066666666668 6584 11104
RESULT cutsplit 256 acl3_seed 2 0.5 -0.1 10 10 1000 17.507314285714283 14.0882 21.8651 7924.714285714285 6008 9684
RESULT cutsplit 256 acl3_seed 2 0.5 -0.1 10 100 1000 17.112452380952384 14.2831 21.25 8120.142857142857 5236 12204
RESULT cutsplit 256 acl3_seed 2 0.5 -0.1 10 1000 1000 16.87008181818182 13.5081 21.8711 8253.51724137931 6180 11420
RESULT cutsplit 256 acl3_seed 2 0.5 -0.1 10 10000 1000 16.34444761904762 11.7179 20.8358 8373.714285714286 5524 10300
RESULT cutsplit 256 acl4_seed 2 0.5 -0.1 10 1 1000 23.684799999999996 20.3032 26.27 10278.714285714286 7824 12520
RESULT cutsplit 256 acl4_seed 2 0.5 -0.1 10 10 1000 23.23281818181818 20.0336 26.8564 10547.034482758621 8272 12852
RESULT cutsplit 256 acl4_seed 2 0.5 -0.1 10 100 1000 22.710745454545453 18.951 27.7123 10037.103448275862 6876 12520
RESULT cutsplit 256 acl4_seed 2 0.5 -0.1 10 1000 1000 23.092004761904764 18.8352 27.7971 10150.57142857143 7840 14420
RESULT cutsplit 256 acl4_seed 2 0.5 -0.1 10 10000 1000 22.723061904761906 16.9941 26.4404 10220.142857142857 7932 11772
RESULT cutsplit 256 acl5_seed 2 0.5 -0.1 10 1 1000 12.802035217391305 9.49255 17.3467 9686.758620689656 5728 12256
RESULT cutsplit 256 acl5_seed 2 0.5 -0.1 10 10 1000 12.818064285714286 8.92595 17.4599 10810.857142857143 7964 13488
RESULT cutsplit 256 acl5_seed 2 0.5 -0.1 10 100 1000 13.168263809523811 9.30894 18.4452 10075.0 6196 13324
RESULT cutsplit 256 acl5_seed 2 0.5 -0.1 10 1000 1000 13.389864285714285 9.789810000000001 17.7482 10387.714285714286 6020 13700
RESULT cutsplit 256 acl5_seed 2 0.5 -0.1 10 10000 1000 13.484883636363639 9.015039999999999 17.3806 10017.103448275862 6036 12896
RESULT cutsplit 256 fw1_seed 2 0.5 -0.1 10 1 1000 19.98779565217391 17.8479 22.0199 4108.0 3000 5676
RESULT cutsplit 256 fw1_seed 2 0.5 -0.1 10 10 1000 19.552057142857144 18.2277 22.7367 4182.571428571428 3052 5284
RESULT cutsplit 256 fw1_seed 2 0.5 -0.1 10 100 1000 19.963744999999996 18.1707 21.8591 4119.428571428572 2708 6184
RESULT cutsplit 256 fw1_seed 2 0.5 -0.1 10 1000 1000 19.5913 17.7962 21.6053 3866.1428571428573 3020 4916
RESULT cutsplit 256 fw1_seed 2 0.5 -0.1 10 10000 1000 19.779010000000003 16.814 22.5261 4115.0 3044 5876
RESULT cutsplit 256 fw2_seed 2 0.5 -0.1 10 1 1000 17.601908695652174 15.5472 19.584 6402.758620689655 4984 7628
RESULT cutsplit 256 fw2_seed 2 0.5 -0.1 10 10 1000 17.533875000000002 15.3836 20.596999999999998 6559.714285714285 4856 8488
RESULT cutsplit 256 fw2_seed 2 0.5 -0.1 10 100 1000 17.507144999999994 15.3701 21.0311 6137.6551724137935 4808 8468
RESULT cutsplit 256 fw2_seed 2 0.5 -0.1 10 1000 1000 17.530365 16.011 20.1414 6142.285714285715 4868 7616
RESULT cutsplit 256 fw2_seed 2 0.5 -0.1 10 10000 1000 17.14956 14.0122 19.1292 6352.0 4912 8272
RESULT cutsplit 256 fw3_seed 2 0.5 -0.1 10 1 1000 20.649386956521738 18.4307 25.711 4061.9310344827586 3228 5408
RESULT cutsplit 256 fw3_seed 2 0.5 -0.1 10 10 1000 21.81057142857143 18.8229 26.8039 3889.8571428571427 2740 5716
RESULT cutsplit 256 fw3_seed 2 0.5 -0.1 10 100 1000 21.65637 18.1459 26.3216 3864.285714285714 3236 4936
RESULT cutsplit 256 fw3_seed 2 0.5 -0.1 10 1000 1000 21.674885 17.6511 26.5935 3855.0 3060 5320
RESULT cutsplit 256 fw3_seed 2 0.5 -0.1 10 10000 1000 21.299795 17.6559 25.1464 3850.285714285714 3200 4784
RESULT cutsplit 256 fw4_seed 2 0.5 -0.1 10 1 1000 23.45264347826087 20.1474 25.7468 6370.482758620689 4672 8656
RESULT cutsplit 256 fw4_seed 2 0.5 -0.1 10 10 1000 23.43714285714286 21.0544 26.6286 6319.714285714285 4792 8684
RESULT cutsplit 256 fw4_seed 2 0.5 -0.1 10 100 1000 23.858320000000003 21.1732 27.1802 5620.142857142857 4604 8316
RESULT cutsplit 256 fw4_seed 2 0.5 -0.1 10 1000 1000 23.74411 20.5688 26.3213 6115.714285714285 4676 7932
RESULT cutsplit 256 fw4_seed 2 0.5 -0.1 10 10000 1000 23.919331818181817 18.317 28.6177 5772.413793103448 4704 8128
RESULT cutsplit 256 fw5_seed 2 0.5 -0.1 10 1 1000 20.87003043478261 17.987000000000002 25.2707 4017.103448275862 3236 4740
RESULT cutsplit 256 fw5_seed 2 0.5 -0.1 10 10 1000 22.56671904761905 18.462 26.4388 4131.857142857143 3324 5732
RESULT cutsplit 256 fw5_seed 2 0.5 -0.1 10 100 1000 21.08490476190476 18.0825 25.676 4100.9655172413795 3356 5660
RESULT cutsplit 256 fw5_seed 2 0.5 -0.1 10 1000 1000 21.40553333333333 17.8388 26.3904 4118.857142857143 3460 5296
RESULT cutsplit 256 fw5_seed 2 0.5 -0.1 10 10000 1000 21.126459999999998 16.7107 26.2112 3936.8571428571427 3284 4668
RESULT cutsplit 256 ipc1_seed 2 0.5 -0.1 10 1 1000 14.515565217391304 11.6961 17.5462 8058.068965517241 6068 10276
RESULT cutsplit 256 ipc1_seed 2 0.5 -0.1 10 10 1000 14.535304545454546 11.1844 17.5539 8139.428571428572 5092 11760
RESULT cutsplit 256 ipc1_seed 2 0.5 -0.1 10 100 1000 15.055880952380955 12.2743 18.7473 8531.0 5608 11388
RESULT cutsplit 256 ipc1_seed 2 0.5 -0.1 10 1000 1000 14.864347619047619 10.922 18.3243 7951.714285714285 5800 10568
RESULT cutsplit 256 ipc1_seed 2 0.5 -0.1 10 10000 1000 14.761542857142858 9.388530000000001 19.1151 8808.285714285714 5564 14284
RESULT cutsplit 256 ipc2_seed 2 0.5 -0.1 10 1 1000 17.147613636363637 15.5502 19.9262 6534.620689655172 4596 8348
RESULT cutsplit 256 ipc2_seed 2 0.5 -0.1 10 10 1000 16.713436842105263 14.592 18.7633 6928.714285714285 5588 9520
RESULT cutsplit 256 ipc2_seed 2 0.5 -0.1 10 100 1000 17.104405263157897 15.5935 18.9852 7031.714285714285 5064 9084
RESULT cutsplit 256 ipc2_seed 2 0.5 -0.1 10 1000 1000 16.64298947368421 14.3571 19.0811 7004.827586206897 4468 9676
RESULT cutsplit 256 ipc2_seed 2 0.5 -0.1 10 10000 1000 17.674325 13.0988 22.1917 6903.571428571428 5072 8776
